0 0 -5.000000 0.200000
0 1 -4.800000 0.200000
0 2 -4.600000 0.200000
0 3 -4.400000 0.200000
0 4 -4.200000 0.200000
0 5 -4.000000 0.200000
0 6 -3.800000 0.200000
0 7 -3.600000 0.200000
0 8 -3.400000 0.200000
0 9 -3.200000 0.200000
0 10 -3.000000 0.200000
0 11 -2.800000 0.200000
0 12 -2.600000 0.200000
0 13 -2.400000 0.200000
0 14 -2.200000 0.200000
0 15 -2.000000 0.200000
0 16 -1.800000 0.200000
0 17 -1.600000 0.200000
0 18 -1.400000 0.200000
0 19 -1.200000 0.200000
0 20 -1.000000 0.200000
0 21 -0.800000 0.200000
0 22 -0.600000 0.200000
0 23 -0.400000 0.200000
0 24 -0.200000 0.200000
0 25 0.000000 0.200000
0 26 0.200000 0.200000
0 27 0.400000 0.200000
0 28 0.600000 0.200000
0 29 0.800000 0.200000
0 30 1.000000 0.200000
0 31 1.200000 0.200000
0 32 1.400000 0.200000
0 33 1.600000 0.200000
0 34 1.800000 0.200000
0 35 2.000000 0.200000
0 36 2.200000 0.200000
0 37 2.400000 0.200000
0 38 2.600000 0.200000
0 39 2.800000 0.200000
0 40 3.000000 0.200000
0 41 3.200000 0.200000
0 42 3.400000 0.200000
0 43 3.600000 0.200000
0 44 3.800000 0.200000
0 45 4.000000 0.200000
0 46 4.200000 0.200000
0 47 4.400000 0.200000
0 48 4.600000 0.200000
0 49 4.800000 0.200000
1 0 -5.000000 2.420635
1 1 -2.579365 0.329220
1 2 -2.250145 0.166487
1 3 -2.083658 0.117339
1 4 -1.966319 0.079974
1 5 -1.886345 0.079974
1 6 -1.806370 0.052109
1 7 -1.754261 0.049698
1 8 -1.704563 0.049698
1 9 -1.654866 0.049698
1 10 -1.605168 0.040978
1 11 -1.564189 0.039967
1 12 -1.524223 0.039967
1 13 -1.484256 0.039967
1 14 -1.444290 0.039967
1 15 -1.404323 0.047643
1 16 -1.356681 0.048574
1 17 -1.308107 0.048574
1 18 -1.259533 0.048574
1 19 -1.210960 0.071489
1 20 -1.139470 0.078166
1 21 -1.061304 0.091580
1 22 -0.969724 0.140349
1 23 -0.829376 0.227264
1 24 -0.602112 0.646196
1 25 0.044084 0.576259
1 26 0.620343 0.220274
1 27 0.840617 0.140286
1 28 0.980902 0.085364
1 29 1.066267 0.076709
1 30 1.142976 0.069665
1 31 1.212640 0.049258
1 32 1.261898 0.049258
1 33 1.311155 0.049258
1 34 1.360413 0.047867
1 35 1.408280 0.042173
1 36 1.450453 0.042173
1 37 1.492626 0.042173
1 38 1.534799 0.042173
1 39 1.576972 0.044541
1 40 1.621513 0.047389
1 41 1.668902 0.047389
1 42 1.716291 0.047389
1 43 1.763680 0.054247
1 44 1.817927 0.076750
1 45 1.894677 0.076750
1 46 1.971427 0.117627
1 47 2.089054 0.166347
1 48 2.255400 0.327094
1 49 2.582494 2.417506
2 0 -5.000000 2.814261
2 1 -2.185739 0.182301
2 2 -2.003437 0.096450
2 3 -1.906988 0.069543
2 4 -1.837445 0.056030
2 5 -1.781414 0.045362
2 6 -1.736052 0.041623
2 7 -1.694429 0.039067
2 8 -1.655362 0.037884
2 9 -1.617478 0.034850
2 10 -1.582628 0.033558
2 11 -1.549069 0.033519
2 12 -1.515550 0.032813
2 13 -1.482737 0.032010
2 14 -1.450727 0.032173
2 15 -1.418554 0.035295
2 16 -1.383260 0.038319
2 17 -1.344941 0.039894
2 18 -1.305046 0.042192
2 19 -1.262854 0.044413
2 20 -1.218442 0.060021
2 21 -1.158421 0.071702
2 22 -1.086719 0.094788
2 23 -0.991931 0.173257
2 24 -0.818675 1.034940
2 25 0.216265 0.654856
2 26 0.871121 0.147332
2 27 1.018453 0.083725
2 28 1.102178 0.065797
2 29 1.167974 0.055237
2 30 1.223211 0.044280
2 31 1.267491 0.041427
2 32 1.308918 0.038651
2 33 1.347569 0.037013
2 34 1.384582 0.035570
2 35 1.420152 0.034045
2 36 1.454197 0.032487
2 37 1.486684 0.032969
2 38 1.519653 0.033856
2 39 1.553510 0.034785
2 40 1.588295 0.035468
2 41 1.623763 0.037149
2 42 1.660912 0.039509
2 43 1.700420 0.041314
2 44 1.741734 0.044979
2 45 1.786713 0.055179
2 46 1.841892 0.070983
2 47 1.912875 0.096099
2 48 2.008974 0.182071
2 49 2.191045 2.808955
3 0 -5.000000 2.819997
3 1 -2.180003 0.185723
3 2 -1.994280 0.094139
3 3 -1.900140 0.066726
3 4 -1.833414 0.053755
3 5 -1.779659 0.045566
3 6 -1.734093 0.040222
3 7 -1.693872 0.038316
3 8 -1.655556 0.035991
3 9 -1.619565 0.033932
3 10 -1.585633 0.032441
3 11 -1.553192 0.032185
3 12 -1.521007 0.031954
3 13 -1.489053 0.032245
3 14 -1.456808 0.032530
3 15 -1.424278 0.033746
3 16 -1.390532 0.035672
3 17 -1.354859 0.038382
3 18 -1.316477 0.040715
3 19 -1.275762 0.043376
3 20 -1.232386 0.051285
3 21 -1.181102 0.062939
3 22 -1.118163 0.084614
3 23 -1.033548 0.157086
3 24 -0.876463 1.034547
3 25 0.158084 0.740640
3 26 0.898725 0.141856
3 27 1.040581 0.080941
3 28 1.121522 0.061923
3 29 1.183445 0.051406
3 30 1.234851 0.044041
3 31 1.278892 0.039935
3 32 1.318827 0.037018
3 33 1.355845 0.035502
3 34 1.391346 0.034299
3 35 1.425646 0.033480
3 36 1.459126 0.031994
3 37 1.491120 0.031782
3 38 1.522902 0.032345
3 39 1.555247 0.032500
3 40 1.587747 0.033505
3 41 1.621252 0.036466
3 42 1.657718 0.039476
3 43 1.697194 0.040849
3 44 1.738043 0.044665
3 45 1.782708 0.053000
3 46 1.835707 0.067394
3 47 1.903101 0.093076
3 48 1.996177 0.183515
3 49 2.179692 2.820308
4 0 -5.000000 2.573929
4 1 -2.426071 0.408349
4 2 -2.017722 0.105689
4 3 -1.912033 0.069862
4 4 -1.842170 0.055311
4 5 -1.786860 0.046743
4 6 -1.740117 0.042072
4 7 -1.698045 0.039049
4 8 -1.658996 0.036134
4 9 -1.622862 0.035048
4 10 -1.587814 0.034525
4 11 -1.553289 0.032465
4 12 -1.520824 0.032239
4 13 -1.488585 0.032755
4 14 -1.455830 0.032234
4 15 -1.423596 0.032148
4 16 -1.391449 0.034050
4 17 -1.357399 0.038294
4 18 -1.319105 0.039974
4 19 -1.279131 0.043741
4 20 -1.235389 0.051702
4 21 -1.183687 0.063266
4 22 -1.120420 0.085777
4 23 -1.034643 0.180183
4 24 -0.854460 1.071957
4 25 0.217497 0.692143
4 26 0.909640 0.138454
4 27 1.048094 0.080671
4 28 1.128765 0.061239
4 29 1.190004 0.049380
4 30 1.239384 0.042079
4 31 1.281462 0.041030
4 32 1.322492 0.036291
4 33 1.358782 0.035320
4 34 1.394102 0.033821
4 35 1.427923 0.031784
4 36 1.459707 0.031359
4 37 1.491067 0.031794
4 38 1.522860 0.031914
4 39 1.554775 0.032680
4 40 1.587455 0.033561
4 41 1.621016 0.035857
4 42 1.656873 0.038767
4 43 1.695640 0.041589
4 44 1.737228 0.045915
4 45 1.783143 0.053694
4 46 1.836837 0.065991
4 47 1.902828 0.091902
4 48 1.994730 0.223991
4 49 2.218721 2.781279
5 0 -5.000000 2.702577
5 1 -2.297423 0.301010
5 2 -1.996413 0.095664
5 3 -1.900749 0.067435
5 4 -1.833315 0.054094
5 5 -1.779220 0.046499
5 6 -1.732721 0.040309
5 7 -1.692412 0.036826
5 8 -1.655585 0.035677
5 9 -1.619909 0.034095
5 10 -1.585814 0.033384
5 11 -1.552429 0.032279
5 12 -1.520150 0.031165
5 13 -1.488986 0.032667
5 14 -1.456319 0.032783
5 15 -1.423536 0.032515
5 16 -1.391021 0.035456
5 17 -1.355565 0.038865
5 18 -1.316699 0.040772
5 19 -1.275928 0.043665
5 20 -1.232263 0.050414
5 21 -1.181848 0.061704
5 22 -1.120144 0.083074
5 23 -1.037070 0.166704
5 24 -0.870366 1.104287
5 25 0.233921 0.682901
5 26 0.916821 0.137575
5 27 1.054396 0.079924
5 28 1.134320 0.060795
5 29 1.195116 0.050004
5 30 1.245120 0.043111
5 31 1.288231 0.040177
5 32 1.328408 0.036176
5 33 1.364584 0.034864
5 34 1.399449 0.032960
5 35 1.432409 0.031602
5 36 1.464011 0.031241
5 37 1.495252 0.032036
5 38 1.527288 0.032845
5 39 1.560133 0.032391
5 40 1.592524 0.033518
5 41 1.626042 0.034960
5 42 1.661001 0.037739
5 43 1.698740 0.041309
5 44 1.740049 0.046797
5 45 1.786846 0.055172
5 46 1.842018 0.068183
5 47 1.910201 0.096448
5 48 2.006649 0.210812
5 49 2.217462 2.782538
6 0 -5.000000 2.800564
6 1 -2.199436 0.230048
6 2 -1.969387 0.085376
6 3 -1.884012 0.063099
6 4 -1.820913 0.050649
6 5 -1.770264 0.044090
6 6 -1.726174 0.039531
6 7 -1.686643 0.036061
6 8 -1.650582 0.034275
6 9 -1.616307 0.033219
6 10 -1.583088 0.031261
6 11 -1.551827 0.031987
6 12 -1.519840 0.031937
6 13 -1.487903 0.031309
6 14 -1.456594 0.032112
6 15 -1.424482 0.032988
6 16 -1.391494 0.034310
6 17 -1.357185 0.037122
6 18 -1.320063 0.039361
6 19 -1.280702 0.042544
6 20 -1.238157 0.049037
6 21 -1.189120 0.058309
6 22 -1.130811 0.078651
6 23 -1.052161 0.146799
6 24 -0.905361 1.016448
6 25 0.111087 0.762201
6 26 0.873288 0.164630
6 27 1.037918 0.084840
6 28 1.122758 0.060899
6 29 1.183657 0.049553
6 30 1.233210 0.042726
6 31 1.275936 0.038365
6 32 1.314300 0.035593
6 33 1.349893 0.034664
6 34 1.384557 0.033156
6 35 1.417714 0.031205
6 36 1.448919 0.030361
6 37 1.479280 0.030740
6 38 1.510020 0.031761
6 39 1.541782 0.032222
6 40 1.574004 0.033514
6 41 1.607518 0.035493
6 42 1.643011 0.036419
6 43 1.679430 0.038612
6 44 1.718042 0.043138
6 45 1.761180 0.050345
6 46 1.811525 0.061862
6 47 1.873387 0.084526
6 48 1.957913 0.167264
6 49 2.125177 2.874823
7 0 -5.000000 2.808068
7 1 -2.191932 0.203661
7 2 -1.988271 0.095621
7 3 -1.892650 0.064453
7 4 -1.828197 0.052661
7 5 -1.775536 0.045431
7 6 -1.730105 0.042355
7 7 -1.687750 0.037353
7 8 -1.650397 0.036219
7 9 -1.614178 0.035434
7 10 -1.578744 0.033288
7 11 -1.545456 0.031829
7 12 -1.513627 0.031783
7 13 -1.481844 0.032617
7 14 -1.449227 0.033139
7 15 -1.416088 0.034303
7 16 -1.381785 0.035106
7 17 -1.346679 0.037615
7 18 -1.309064 0.040853
7 19 -1.268211 0.045803
7 20 -1.222407 0.053939
7 21 -1.168468 0.067899
7 22 -1.100570 0.102431
7 23 -0.998138 0.425811
7 24 -0.572327 0.954132
7 25 0.381805 0.558921
7 26 0.940726 0.132367
7 27 1.073093 0.074858
7 28 1.147950 0.057013
7 29 1.204963 0.047397
7 30 1.252360 0.041231
7 31 1.293591 0.037618
7 32 1.331209 0.035615
7 33 1.366824 0.034551
7 34 1.401375 0.033920
7 35 1.435295 0.032226
7 36 1.467521 0.031257
7 37 1.498777 0.031464
7 38 1.530241 0.031588
7 39 1.561829 0.032396
7 40 1.594225 0.034022
7 41 1.628247 0.036086
7 42 1.664332 0.038889
7 43 1.703221 0.042525
7 44 1.745746 0.047299
7 45 1.793045 0.056409
7 46 1.849454 0.073013
7 47 1.922467 0.117839
7 48 2.040306 0.936600
7 49 2.976906 2.023094
8 0 -5.000000 2.835228
8 1 -2.164772 0.189083
8 2 -1.975689 0.089958
8 3 -1.885731 0.062918
8 4 -1.822813 0.052031
8 5 -1.770783 0.044956
8 6 -1.725826 0.041133
8 7 -1.684693 0.037182
8 8 -1.647510 0.036022
8 9 -1.611489 0.034391
8 10 -1.577097 0.032438
8 11 -1.544659 0.030470
8 12 -1.514189 0.029988
8 13 -1.484201 0.031465
8 14 -1.452735 0.032102
8 15 -1.420634 0.033482
8 16 -1.387152 0.034709
8 17 -1.352443 0.037904
8 18 -1.314539 0.041404
8 19 -1.273135 0.045628
8 20 -1.227507 0.054279
8 21 -1.173228 0.067242
8 22 -1.105985 0.094547
8 23 -1.011439 0.337588
8 24 -0.673851 1.062957
8 25 0.389106 0.553710
8 26 0.942816 0.125006
8 27 1.067822 0.076011
8 28 1.143832 0.057782
8 29 1.201615 0.047666
8 30 1.249281 0.042503
8 31 1.291784 0.037995
8 32 1.329779 0.035348
8 33 1.365127 0.035221
8 34 1.400348 0.034647
8 35 1.434995 0.032308
8 36 1.467303 0.031484
8 37 1.498787 0.031890
8 38 1.530677 0.032279
8 39 1.562956 0.032954
8 40 1.595910 0.032923
8 41 1.628834 0.035375
8 42 1.664209 0.039240
8 43 1.703449 0.044458
8 44 1.747908 0.049757
8 45 1.797665 0.060158
8 46 1.857822 0.076871
8 47 1.934693 0.120123
8 48 2.054817 0.709001
8 49 2.763817 2.236183
9 0 -5.000000 2.519877
9 1 -2.480123 0.464808
9 2 -2.015315 0.105305
9 3 -1.910010 0.068484
9 4 -1.841525 0.054203
9 5 -1.787323 0.046413
9 6 -1.740910 0.042239
9 7 -1.698671 0.038057
9 8 -1.660615 0.035993
9 9 -1.624621 0.034666
9 10 -1.589956 0.033156
9 11 -1.556799 0.031924
9 12 -1.524876 0.031294
9 13 -1.493582 0.031495
9 14 -1.462086 0.031829
9 15 -1.430258 0.033066
9 16 -1.397192 0.034539
9 17 -1.362653 0.035991
9 18 -1.326662 0.039558
9 19 -1.287104 0.043945
9 20 -1.243158 0.050438
9 21 -1.192720 0.061080
9 22 -1.131640 0.079894
9 23 -1.051746 0.199669
9 24 -0.852077 0.752510
9 25 -0.099567 0.893399
9 26 0.793832 0.244918
9 27 1.038750 0.087446
9 28 1.126195 0.060614
9 29 1.186810 0.049880
9 30 1.236689 0.044100
9 31 1.280790 0.039471
9 32 1.320261 0.036811
9 33 1.357071 0.035231
9 34 1.392302 0.033540
9 35 1.425842 0.032306
9 36 1.458148 0.031338
9 37 1.489486 0.031627
9 38 1.521113 0.032226
9 39 1.553339 0.032566
9 40 1.585905 0.033223
9 41 1.619128 0.034963
9 42 1.654091 0.038008
9 43 1.692099 0.042603
9 44 1.734702 0.048411
9 45 1.783113 0.056645
9 46 1.839758 0.069779
9 47 1.909537 0.104926
9 48 2.014462 0.481747
9 49 2.496209 2.503791
10 0 -5.000000 2.671755
10 1 -2.328245 0.335613
10 2 -1.992631 0.093288
10 3 -1.899343 0.065298
10 4 -1.834046 0.054248
10 5 -1.779797 0.046153
10 6 -1.733645 0.040492
10 7 -1.693153 0.037407
10 8 -1.655746 0.036447
10 9 -1.619299 0.034601
10 10 -1.584698 0.032541
10 11 -1.552157 0.031410
10 12 -1.520746 0.031927
10 13 -1.488820 0.031934
10 14 -1.456886 0.032271
10 15 -1.424615 0.033177
10 16 -1.391437 0.034848
10 17 -1.356589 0.036201
10 18 -1.320388 0.039494
10 19 -1.280894 0.044308
10 20 -1.236586 0.051423
10 21 -1.185163 0.064010
10 22 -1.121153 0.086062
10 23 -1.035091 0.174549
10 24 -0.860542 0.896899
10 25 0.036357 0.826368
10 26 0.862725 0.187116
10 27 1.049841 0.078605
10 28 1.128446 0.060512
10 29 1.188958 0.049474
10 30 1.238432 0.042606
10 31 1.281038 0.039255
10 32 1.320293 0.037411
10 33 1.357704 0.034814
10 34 1.392518 0.034371
10 35 1.426889 0.033162
10 36 1.460052 0.032179
10 37 1.492230 0.032026
10 38 1.524256 0.031785
10 39 1.556041 0.032544
10 40 1.588585 0.033673
10 41 1.622258 0.035496
10 42 1.657754 0.037450
10 43 1.695204 0.041839
10 44 1.737043 0.047653
10 45 1.784696 0.054368
10 46 1.839063 0.069013
10 47 1.908076 0.097717
10 48 2.005793 0.362218
10 49 2.368011 2.631989
11 0 -5.000000 2.745965
11 1 -2.254035 0.263329
11 2 -1.990706 0.090717
11 3 -1.899989 0.067041
11 4 -1.832948 0.053654
11 5 -1.779294 0.045681
11 6 -1.733613 0.040427
11 7 -1.693185 0.037580
11 8 -1.655605 0.035519
11 9 -1.620087 0.034213
11 10 -1.585873 0.032335
11 11 -1.553538 0.032010
11 12 -1.521528 0.031403
11 13 -1.490125 0.031639
11 14 -1.458487 0.031880
11 15 -1.426607 0.033039
11 16 -1.393568 0.034654
11 17 -1.358914 0.037143
11 18 -1.321771 0.040245
11 19 -1.281526 0.045360
11 20 -1.236166 0.051069
11 21 -1.185097 0.061413
11 22 -1.123684 0.084082
11 23 -1.039603 0.165767
11 24 -0.873836 0.900026
11 25 0.026190 0.854347
11 26 0.880537 0.166452
11 27 1.046989 0.075589
11 28 1.122579 0.060895
11 29 1.183474 0.050971
11 30 1.234445 0.044044
11 31 1.278490 0.038867
11 32 1.317357 0.036406
11 33 1.353763 0.034468
11 34 1.388231 0.033213
11 35 1.421444 0.031520
11 36 1.452964 0.030772
11 37 1.483736 0.031038
11 38 1.514773 0.031454
11 39 1.546227 0.032686
11 40 1.578913 0.033855
11 41 1.612767 0.034525
11 42 1.647292 0.036240
11 43 1.683532 0.039273
11 44 1.722805 0.044788
11 45 1.767593 0.051438
11 46 1.819031 0.064299
11 47 1.883329 0.086910
11 48 1.970239 0.257351
11 49 2.227590 2.772410
12 0 -5.000000 2.798212
12 1 -2.201788 0.223116
12 2 -1.978672 0.086884
12 3 -1.891788 0.065411
12 4 -1.826377 0.052464
12 5 -1.773913 0.045300
12 6 -1.728613 0.040098
12 7 -1.688515 0.036889
12 8 -1.651626 0.034778
12 9 -1.616848 0.033419
12 10 -1.583429 0.032374
12 11 -1.551055 0.032478
12 12 -1.518577 0.030730
12 13 -1.487848 0.030493
12 14 -1.457354 0.032136
12 15 -1.425218 0.033475
12 16 -1.391743 0.034272
12 17 -1.357471 0.037847
12 18 -1.319623 0.040291
12 19 -1.279332 0.044327
12 20 -1.235005 0.050193
12 21 -1.184812 0.059672
12 22 -1.125140 0.081747
12 23 -1.043393 0.159734
12 24 -0.883659 0.893266
12 25 0.009606 0.878193
12 26 0.887799 0.160140
12 27 1.047939 0.078284
12 28 1.126222 0.062382
12 29 1.188604 0.050906
12 30 1.239511 0.042669
12 31 1.282180 0.037429
12 32 1.319609 0.035762
12 33 1.355371 0.034069
12 34 1.389440 0.032876
12 35 1.422316 0.032920
12 36 1.455235 0.031668
12 37 1.486903 0.030719
12 38 1.517622 0.030678
12 39 1.548300 0.031585
12 40 1.579885 0.033293
12 41 1.613178 0.034419
12 42 1.647597 0.035513
12 43 1.683110 0.039905
12 44 1.723015 0.044442
12 45 1.767456 0.052396
12 46 1.819853 0.064205
12 47 1.884058 0.084577
12 48 1.968635 0.223843
12 49 2.192478 2.807522
13 0 -5.000000 2.685510
13 1 -2.314490 0.305532
13 2 -2.008958 0.102795
13 3 -1.906163 0.068193
13 4 -1.837970 0.053436
13 5 -1.784534 0.046525
13 6 -1.738009 0.040624
13 7 -1.697385 0.037829
13 8 -1.659556 0.035662
13 9 -1.623894 0.033511
13 10 -1.590383 0.032213
13 11 -1.558169 0.032424
13 12 -1.525745 0.031593
13 13 -1.494153 0.031428
13 14 -1.462725 0.033408
13 15 -1.429317 0.034574
13 16 -1.394742 0.034449
13 17 -1.360293 0.036694
13 18 -1.323599 0.039518
13 19 -1.284081 0.044253
13 20 -1.239827 0.051053
13 21 -1.188774 0.059383
13 22 -1.129391 0.079663
13 23 -1.049728 0.147451
13 24 -0.902277 0.775568
13 25 -0.126709 0.878511
13 26 0.751802 0.263675
13 27 1.015477 0.094967
13 28 1.110444 0.064938
13 29 1.175383 0.053266
13 30 1.228648 0.045465
13 31 1.274113 0.039600
13 32 1.313713 0.036520
13 33 1.350233 0.035198
13 34 1.385431 0.033094
13 35 1.418525 0.032588
13 36 1.451113 0.031386
13 37 1.482499 0.031698
13 38 1.514197 0.032053
13 39 1.546250 0.033716
13 40 1.579967 0.034863
13 41 1.614830 0.035077
13 42 1.649906 0.036793
13 43 1.686699 0.040485
13 44 1.727184 0.045108
13 45 1.772292 0.052794
13 46 1.825086 0.066313
13 47 1.891399 0.097649
13 48 1.989048 0.325047
13 49 2.314095 2.685905
14 0 -5.000000 2.790518
14 1 -2.209482 0.232024
14 2 -1.977458 0.090827
14 3 -1.886631 0.062963
14 4 -1.823668 0.050720
14 5 -1.772948 0.044485
14 6 -1.728463 0.040141
14 7 -1.688323 0.036610
14 8 -1.651713 0.034605
14 9 -1.617107 0.033233
14 10 -1.583875 0.032337
14 11 -1.551538 0.033202
14 12 -1.518335 0.031648
14 13 -1.486687 0.031064
14 14 -1.455623 0.032234
14 15 -1.423389 0.033635
14 16 -1.389754 0.034570
14 17 -1.355184 0.037595
14 18 -1.317589 0.038915
14 19 -1.278674 0.044244
14 20 -1.234429 0.049568
14 21 -1.184861 0.060556
14 22 -1.124304 0.086634
14 23 -1.037671 0.188794
14 24 -0.848877 0.876479
14 25 0.027602 0.818893
14 26 0.846495 0.194646
14 27 1.041141 0.083218
14 28 1.124359 0.061754
14 29 1.186113 0.052020
14 30 1.238134 0.044010
14 31 1.282144 0.038702
14 32 1.320846 0.036149
14 33 1.356995 0.034669
14 34 1.391664 0.032872
14 35 1.424536 0.031744
14 36 1.456280 0.031421
14 37 1.487701 0.032526
14 38 1.520227 0.032321
14 39 1.552548 0.032881
14 40 1.585429 0.033559
14 41 1.618988 0.034768
14 42 1.653756 0.037791
14 43 1.691547 0.040821
14 44 1.732368 0.044925
14 45 1.777293 0.050639
14 46 1.827932 0.063001
14 47 1.890933 0.089855
14 48 1.980788 0.251356
14 49 2.232144 2.767856
15 0 -5.000000 2.805911
15 1 -2.194089 0.211234
15 2 -1.982855 0.088015
15 3 -1.894840 0.064280
15 4 -1.830560 0.053434
15 5 -1.777126 0.045328
15 6 -1.731798 0.040602
15 7 -1.691196 0.037427
15 8 -1.653769 0.034771
15 9 -1.618998 0.033588
15 10 -1.585410 0.033428
15 11 -1.551982 0.032667
15 12 -1.519315 0.031191
15 13 -1.488124 0.030843
15 14 -1.457281 0.030255
15 15 -1.427026 0.031791
15 16 -1.395235 0.033453
15 17 -1.361782 0.036348
15 18 -1.325434 0.038959
15 19 -1.286475 0.043614
15 20 -1.242861 0.048070
15 21 -1.194791 0.058399
15 22 -1.136392 0.078964
15 23 -1.057428 0.152079
15 24 -0.905349 0.722008
15 25 -0.183342 0.976382
15 26 0.793041 0.223357
15 27 1.016397 0.093795
15 28 1.110192 0.065082
15 29 1.175274 0.053683
15 30 1.228958 0.045113
15 31 1.274070 0.038937
15 32 1.313008 0.037019
15 33 1.350026 0.035675
15 34 1.385702 0.033565
15 35 1.419267 0.031495
15 36 1.450762 0.030903
15 37 1.481665 0.030840
15 38 1.512505 0.030935
15 39 1.543440 0.032226
15 40 1.575667 0.033419
15 41 1.609085 0.033848
15 42 1.642933 0.037230
15 43 1.680163 0.040841
15 44 1.721004 0.043848
15 45 1.764852 0.049093
15 46 1.813946 0.061215
15 47 1.875160 0.084119
15 48 1.959280 0.204353
15 49 2.163632 2.836368
16 0 -5.000000 2.821756
16 1 -2.178244 0.198286
16 2 -1.979958 0.089938
16 3 -1.890019 0.064038
16 4 -1.825981 0.051946
16 5 -1.774036 0.045352
16 6 -1.728684 0.040100
16 7 -1.688584 0.037310
16 8 -1.651274 0.035426
16 9 -1.615848 0.033305
16 10 -1.582543 0.032100
16 11 -1.550443 0.031851
16 12 -1.518592 0.031432
16 13 -1.487160 0.032599
16 14 -1.454562 0.032717
16 15 -1.421845 0.032777
16 16 -1.389067 0.033644
16 17 -1.355423 0.036715
16 18 -1.318708 0.039211
16 19 -1.279498 0.043319
16 20 -1.236179 0.047414
16 21 -1.188765 0.058915
16 22 -1.129850 0.082129
16 23 -1.047721 0.162521
16 24 -0.885200 0.799993
16 25 -0.085207 0.946695
16 26 0.861488 0.180731
16 27 1.042219 0.084167
16 28 1.126386 0.061922
16 29 1.188308 0.052001
16 30 1.240309 0.045011
16 31 1.285320 0.039924
16 32 1.325244 0.037054
16 33 1.362298 0.034452
16 34 1.396751 0.032585
16 35 1.429335 0.032152
16 36 1.461488 0.032825
16 37 1.494312 0.031987
16 38 1.526300 0.031322
16 39 1.557622 0.031788
16 40 1.589409 0.032463
16 41 1.621873 0.034247
16 42 1.656120 0.037226
16 43 1.693346 0.041174
16 44 1.734520 0.045183
16 45 1.779703 0.053392
16 46 1.833095 0.067473
16 47 1.900568 0.105835
16 48 2.006403 0.467029
16 49 2.473432 2.526568
17 0 -5.000000 2.578006
17 1 -2.421994 0.420541
17 2 -2.001453 0.103282
17 3 -1.898171 0.067028
17 4 -1.831143 0.053274
17 5 -1.777869 0.045063
17 6 -1.732806 0.040167
17 7 -1.692640 0.037373
17 8 -1.655266 0.036224
17 9 -1.619042 0.034614
17 10 -1.584428 0.032545
17 11 -1.551883 0.031235
17 12 -1.520647 0.031446
17 13 -1.489201 0.032263
17 14 -1.456939 0.032542
17 15 -1.424397 0.032828
17 16 -1.391568 0.032726
17 17 -1.358842 0.036455
17 18 -1.322387 0.039839
17 19 -1.282548 0.043326
17 20 -1.239222 0.048982
17 21 -1.190240 0.060392
17 22 -1.129848 0.079683
17 23 -1.050165 0.153421
17 24 -0.896743 0.832521
17 25 -0.064223 0.946227
17 26 0.882005 0.162309
17 27 1.044314 0.080158
17 28 1.124472 0.060609
17 29 1.185081 0.052263
17 30 1.237344 0.046395
17 31 1.283739 0.039339
17 32 1.323078 0.036198
17 33 1.359276 0.034064
17 34 1.393340 0.033344
17 35 1.426684 0.032440
17 36 1.459125 0.031509
17 37 1.490634 0.031041
17 38 1.521675 0.031719
17 39 1.553393 0.032250
17 40 1.585644 0.033189
17 41 1.618833 0.035271
17 42 1.654104 0.038161
17 43 1.692265 0.040515
17 44 1.732780 0.046025
17 45 1.778805 0.052977
17 46 1.831782 0.063652
17 47 1.895434 0.094058
17 48 1.989493 0.342846
17 49 2.332339 2.667661
18 0 -5.000000 2.699535
18 1 -2.300465 0.313280
18 2 -1.987185 0.093376
18 3 -1.893809 0.066725
18 4 -1.827083 0.053968
18 5 -1.773116 0.045986
18 6 -1.727130 0.040867
18 7 -1.686263 0.037946
18 8 -1.648316 0.035568
18 9 -1.612748 0.033626
18 10 -1.579123 0.032542
18 11 -1.546580 0.031298
18 12 -1.515282 0.031378
18 13 -1.483904 0.031638
18 14 -1.452265 0.032436
18 15 -1.419829 0.032825
18 16 -1.387004 0.033504
18 17 -1.353500 0.035857
18 18 -1.317644 0.039130
18 19 -1.278513 0.043673
18 20 -1.234840 0.050558
18 21 -1.184282 0.059851
18 22 -1.124431 0.084628
18 23 -1.039803 0.163540
18 24 -0.876263 0.833551
18 25 -0.042713 0.929863
18 26 0.887150 0.157859
18 27 1.045009 0.077791
18 28 1.122800 0.059821
18 29 1.182621 0.050453
18 30 1.233075 0.045184
18 31 1.278259 0.039774
18 32 1.318032 0.035755
18 33 1.353788 0.033461
18 34 1.387248 0.033861
18 35 1.421110 0.032598
18 36 1.453708 0.031612
18 37 1.485320 0.030967
18 38 1.516288 0.032220
18 39 1.548507 0.032926
18 40 1.581433 0.034052
18 41 1.615485 0.036030
18 42 1.651515 0.037086
18 43 1.688601 0.040202
18 44 1.728804 0.045325
18 45 1.774129 0.053367
18 46 1.827496 0.063565
18 47 1.891062 0.089330
18 48 1.980391 0.265204
18 49 2.245595 2.754405
19 0 -5.000000 2.777012
19 1 -2.222988 0.246167
19 2 -1.976821 0.085944
19 3 -1.890877 0.066625
19 4 -1.824252 0.052099
19 5 -1.772153 0.044278
19 6 -1.727875 0.040195
19 7 -1.687679 0.036948
19 8 -1.650732 0.034875
19 9 -1.615856 0.034457
19 10 -1.581399 0.033086
19 11 -1.548313 0.030589
19 12 -1.517724 0.032189
19 13 -1.485535 0.032476
19 14 -1.453059 0.032333
19 15 -1.420726 0.032533
19 16 -1.388194 0.033307
19 17 -1.354887 0.036317
19 18 -1.318570 0.038945
19 19 -1.279625 0.042013
19 20 -1.237612 0.048337
19 21 -1.189276 0.060303
19 22 -1.128972 0.080374
19 23 -1.048598 0.149651
19 24 -0.898947 0.783026
19 25 -0.115921 1.006783
19 26 0.890862 0.155163
19 27 1.046024 0.076129
19 28 1.122154 0.060835
19 29 1.182989 0.050786
19 30 1.233775 0.042929
19 31 1.276704 0.038666
19 32 1.315371 0.037549
19 33 1.352920 0.035706
19 34 1.388626 0.033278
19 35 1.421904 0.032906
19 36 1.454811 0.031720
19 37 1.486530 0.031181
19 38 1.517712 0.031765
19 39 1.549476 0.032355
19 40 1.581831 0.033805
19 41 1.615637 0.035143
19 42 1.650780 0.037998
19 43 1.688777 0.039879
19 44 1.728656 0.045013
19 45 1.773669 0.053063
19 46 1.826732 0.063233
19 47 1.889965 0.086243
19 48 1.976208 0.224040
19 49 2.200248 2.799752
20 0 -5.000000 2.777012
20 1 -2.222988 0.246167
20 2 -1.976821 0.085944
20 3 -1.890877 0.066625
20 4 -1.824252 0.052099
20 5 -1.772153 0.044278
20 6 -1.727875 0.040195
20 7 -1.687679 0.036948
20 8 -1.650732 0.034875
20 9 -1.615856 0.034457
20 10 -1.581399 0.033086
20 11 -1.548313 0.030589
20 12 -1.517724 0.032189
20 13 -1.485535 0.032476
20 14 -1.453059 0.032333
20 15 -1.420726 0.032533
20 16 -1.388194 0.033307
20 17 -1.354887 0.036317
20 18 -1.318570 0.038945
20 19 -1.279625 0.042013
20 20 -1.237612 0.048337
20 21 -1.189276 0.060303
20 22 -1.128972 0.080374
20 23 -1.048598 0.149651
20 24 -0.898947 0.783026
20 25 -0.115921 1.006783
20 26 0.890862 0.155163
20 27 1.046024 0.076129
20 28 1.122154 0.060835
20 29 1.182989 0.050786
20 30 1.233775 0.042929
20 31 1.276704 0.038666
20 32 1.315371 0.037549
20 33 1.352920 0.035706
20 34 1.388626 0.033278
20 35 1.421904 0.032906
20 36 1.454811 0.031720
20 37 1.486530 0.031181
20 38 1.517712 0.031765
20 39 1.549476 0.032355
20 40 1.581831 0.033805
20 41 1.615637 0.035143
20 42 1.650780 0.037998
20 43 1.688777 0.039879
20 44 1.728656 0.045013
20 45 1.773669 0.053063
20 46 1.826732 0.063233
20 47 1.889965 0.086243
20 48 1.976208 0.224040
20 49 2.200248 2.799752
